158 INDEX GEOGRAPHIGVS.

1111161661611161. 1611161161 66111 111 31. 129. 263. 294. 459. 516. 541 1111 192.
11661611611611611, 111274 ) 250. 307. 444. 525
11666161. 1661 )1116161161 166, 1 529. 574 11 408, 471 11 189.
161116616661161161611. 11128 Ι 320. 627. 681. 726. 827. 1097 1121 11731 111
116661661661111611611. 111 50 : 364. 380. 439 1111 127. 473
116161661161. 11713 1611. 111246 1111111166. 1549 11724.1020 11 167. 450. 600
166161161. 11488, es. Gregorius 116611616666161111611661166. 111 410 61. 11616111
11611161. 1157 Membressa 11111616 6161166116 66611616 166. 111 311
116116 6666161 Syrticus 161. 11 113 111412 11641 111. 141116. 45,6 W. 1661161118. Pree. 6.
VIII 490. 648 16161. 11 15)
1116616166111 161. 11 166. 278 116616611 1611, 11191
1116611 6666161 86111661 161. 1 478 1187. 96. 106. γ 111116111161 1611 1611. 111 16
210. 345 11 374 11 108. 195. 238. 437. 454.,11616611166116116611571161666161616661111616 11616
462. 469. 604 111383 1111580. 647 611116616- 131, 1116166661 πόλισμα 1166. b. 161111. 16)
116, Leueade. De 1161111116 611111116666611 in 616- 1161611 1611. 11191
666111 6. 111 161 111116166616 11161611. 111 96
1111661 1611. 111 94 11661661161 1611161661161 611661 161. 11 116. 210
11616111 6666161111611661 161.1175)11661161 111 410,
Μάχλυες Herod. 11118, Μάχρυες Ρ161. 113, 26) 1111161 6666161111611661 161. 1152 111189 1148
Indice 1611611611. 111 15 111384 1111 641111.6161ι1616.11
11161 1611. 111 50. 300 1111111166 6666161 Syrticus Ιο6.11198.552.589.593.
11116611611. 11193 692 111465. 510 1111 95. 177. 234. 248. 274.
1611161161 66111 166. 11 64. 75 111111661616611166. 423. 428. 446. 639
1611. 37. Ρ166.116 aedis. 118) Ν1161111661161166. 11 146
113116611611. 11 168
1116616116 6666161 Syrticus 161. 1144. 467 1148. 1111611611.11199
85. 629. 797. 816 111 535 1111 434. 474. 591 11111161111666661161116 61611661 611. 65
611116611, 16661111. de 16616611116361 666611 16161161111161. 1354. 387 11 198 11198 11387
in 6166611116.1111661 1Π 459 1611.11217

11161116166111116166. 1169 l 1136 119. 44. 82. 107. 141. 181. 195. 596. 600

1161661111 1611, 61161. 12
1111661 1111616 6161166116 6661116111 166. Vll 143 111. 0661661161.1510 11 121. 455 11183 1111278
1461628311, 111666. 16611. 1122. 28) 1611. 11251
11111661 161 11111161 6611618616661161. VIII 46 011661 161. III 127
1111111611. 1111 229
1161111161. 11510 111157 Ρ16166616166.1229
1111661161. 1372. 504 1119 11216. 512 1164. 16111616161111116.11161
166. 266. 347. 389. 434. 449. 501. 517. 538. 574. 11161116111611. 11370
614. 621 1Π 131. 239. 294. 303. 373. 413. 492. 1111611611. 158. 61. 88
504 1111 43. 51. 143. 185. 200. 254. 271. 358. Ρ1111111611.111280
364. 369. 443. 446. 462 16111 149. 343 111 111161661166. 11382 11499 161111106
362. 382 161116 166. 158. 61. 67. 89. 108 11552 11 715
1111661 166. 1 482 111 28 1611. 111277
111161 161. 178 11 344 111 108· VIII 17. 253. 161116611611. 11893
264 1611. 124 Ρ611111611. 1449 1133
1111 nemen 6661661616 1616116161. 11 383 Ρ6111 Gemini es. 66161111 Ρ6111
Leueade 6666161 86111661 161. 111 294 cs. 1111611, 1111111161. 1453
1116616116 Poeni 166. 111 277 1186 111504. 533
11661 111 1116661611 9. 111. 124.’ 248. 294 11 40.
85 11129. 44. 68. 266. 275. 3231 393, 418 11 1111611111 1611. 11 124
234. 432 11256. 549 VII 105. 172. 212 VIII 1161111166. I 181 1196. 346. - (1616611661116116-
61. 198. 237. 295. 355 1611. 128766111161 116111) 166. 111 266 11 422
1166661113. 367. 381. 383. 412 1134197 111107. Rome 6611 (Constantinopolis) 1611. 1344 111 156. 247
117. 362. 397 11 248. 790 11 38. 222. 773 11101. 141
111502. 518 1611. 61161. 35 1661661161, 61161. 37 l 18. 66. 89104117. 207.
231. 366. 382. 466. 475. 481. 485. 507. 522 11
11161161 666116111611661161. 11 62 29. 192. 204. 224. 233. 274. 382 111 304. 402.
Μ166616161661161. 1172 407. 429 11124. 160. 164. 187. 283. 343. 358.
Mammenses eempi 16 11611116 interiore 1111 161. 111 364. 391. 407. 410. 418. 441. 449. 511. 674. 684.
283 (Ρ166. 1. 161111. 1111. de uede‘s. 118) 719, 725. 734. 742. 823. 998. 1019. 1045. 1095.
11111111ίὰ16 161 111161111161 166. 11 138 11 1042. 1113. 1150 11 268. 310. 311. 328. 337. 360.
1164 11147. 507. 565. 574. 664 111406 1111 380. 390. 433. 449. 496. 507518556617. 698.
169. 300. 381. 427. 455. 531. 636. 647. 702 111 42. 101. 119. 128. 136. 146. 268. 298.
11111186116116661161616 161 11661 161. 1181 (161. 389. 472. 490. 507. 532 1111 41. 59. 82. 103.
Ρ661. 1111) 119. 130. 150. 171. 186. 197. 222. 255. 267.
11111611 161. 1470. 531 11 137. 150. 510 11 50. 269. 322. 348. 376. 388. 424. 432. 436. 443. 461.
82. 180. 267. 517. 536. 571. 685 111 102. 370. 468. 510. 526. 640. 649
473 1Π143. 185. 202. 522
1111111611616 11161 nomm 661616 cetum 161. 111 408 8161611611 1611. 111 22
Maurice (1611. 16111) 161. 11 137 81166111611. 11188
1116161166. 1 245. 537. 555 112.11.29.157.183. 811611166. 11 74
435 111108. 120. 287. 406. 454. 460 1111. 17. 866111161.1213
27. 51. 64. 164. 281. 445. 603. 667. 793. 806. 86616661161.111448 1611. 111300
872. 902. 942. 995. 998. 1013. 1019.1071,1129. 861161166.1172

 

