1611 INDEX 010000101111 MYTHOLOGVS.

1000111 (Sophia) lust. 01111. 2311 169 111 147 6110011010ρί 1111 166
Augusti (lustinus et 800111) 1011. 111 75 6110511 Maurorum dux 101. 11 613
10001101 610111 1611111111101110111 111101) sustinet 611101 Maurus 1011. 11 732
11138 1101111011. 111321 11296 11170
Augustus (iustinisuus) 1011. 11 261 0110111101 Maurus nonum 0001101010 restitutum 101. 1111
Augustus (lustinus) lust. 11 156. 211 566
10001101(100111101111111.133.106 11137 11133 6000101110101101. 11911
Augustus (udieeiiue) A. 11010101 1011. 139 1. 1011 6111001011.11325
1 82. 191. 205. 359 111222. 263. A. 0100111 01111000111011. VIII 322
163. 1100101111 151. 180. A. rosensensis. A. 611111011011.1151 11588. 686 11103 111416
1100111125. 1. 0111011133. A. 10100111 179. 1111 215. 335. 367 10111. 31 lust. 11 7. 127
A. 1010111261. A. 1111011111 86. 1. numeni 1190. 266. 306. 322
153. 10010111225. 101111111351. A. 11· 6110011111011. 11117
0130111331. 1101111111194. 161. A. 1101001 Concordia 101. 1 12
llll. A. tumulus 1 293. 1011111298. A. 110111 60000110 1110101101. 11910
1188. A. 00111332 · 0111010111001001101.111811
1010111011. 1 187. 213 11455 11183 1011. 111 6110111011.1201
101001 Maurus 101. 111 137 601110 vel cullen 1110101101. 11 791. 961
10111010010011 Mauricum 0001001100 101. 11931 Gustus 11010100] Romanis 1111010111 regulus 111.ἱ 108
10111110011110101001(1011011158 11613 1111255 11510. 1095 11268. 468. 517 111 215. 264
’1111111110 Maurus 1011. 1111117 1111 122. 266. 371. 129. 139. 453. 115. - matre
1010110110011 1010101110 1110100101. 1111120 ’ Romans 01101 1111 211 11511. 1095. megistus
110111011011.11328 1111315 0111110111 11261 111268 1111219. 6010010111 sub-
· 11011111408. 000111111101110011111111245
Β10011011011,11111 11366 11176 lust. 11187 Gutiu 1110101101. 1111568
11110111011011101 0101100110111111011. 11 281 (1110-
(1111011011, 310101. 1110100Ρο1101. LXXII p. 804) Decii 1011. 1111506
111111001111101011011. 11918. 981 Demetrius 1101111 110111 10111 11101101 1001. 1 27
3011111101 magister militum 116100111101001 navibus Demoieus 101. 1 180
appulsis 011111 001111 101. 1 367. 387. 1106110100 Diomedes 101. 01111. 8
dominationem evertit 101. 111 19 lust. Il 125. 1)11Ιο11.11322
apud Membresssm 81011101 vineit 1011. 111 313 001011111010011011111011 101. 11912 11650 1111
Β1110011011. 11136 11 tte 111519 622
11111011110101001 110010111601010 dux Iob. 111 279
1111 126 Ε1110111 Maurus 101. 11 718
Bitipten 1116111111101, Maurorum 1101011110 lidorum dux Enipteu 1110101 ioh. 1111 606
1011. 11516 11110000 1110101101. 11116115
1110100111010100180111001001 dux 1011. 11631. 803. 1111001101. 11137 11618 1111136
83911121. 112 1111381 Eripuit 11110101 101. 11 862
Rulmitzis armiger, 0101111101, 10110011 ioh. lv 987 1100111110 Maurus 1100101 contectura restitutum 101.
11613 1111 tei 1111519
3010111110101101. 111428 11011 vel 1101011100 1011101111 magistri militum 01111
101. 1111576
01011101. 111 158
6111111011 es. Liternus 11011101. 11 216 1001. 1299
611111 (6. iulius) 1011. 1111 119 lust. 111 10 1111111 Romanus 101. 1111621
610111100011011011. 111 21 11 138 1110011 Romanus 1011. 11992
611011 (imperetur) 1011. 1 138 11113 1110001110101 (1110010011101010011) ioh. 1111 561
6111111011001. 11 118 111 257 11 127. 210 1011001101. 111113. 124
61010 1111010 rex 1011.·111 271. 315. 395 1110100 Maurus 101. 11 992
610000 1110101101. 1111 118 1100101011 Romanorum dux 101.11525.1699 11518
11110110 Maurus ioh. 1111 101 1111 377
6111010000111101011011. 176. 122 11 332 111010 111010100010110011101 0011010 101. 11 928
61011011101010108011100100 (101 1011. 11 632 11
732 1111569 (11011110111101011011.11861
61101101 1110101101. 11 916. 971 6111111 1110101001 dux 101. 11642
(1011011101. prees. 31 18 111331 (tarsun 1110101101. 11910
6101001111101011011. 1111 121 (11111101 1110101101. 11 179
0101101111011. Ill 125 1111110111 1101110100101 1011. 1 381 111 17. (stt)
0110111011011000100010111639 11 1111113170. 6111111111 1100110010ιο dux 1011. 11 188 11189. 910
115. 185. 217. 226. 551. 5113 111295116. 505. 11522 1111 372, 175
513. 511 1111 1636. 212. 621..·- 0000101 Syr· Gentius magister miiitum loh. 11111 11173. 1983
tirus 01161 dispersos 00111011 11 161. 111101010ιο Germanus Iustiniani 1111110 0110131001ιο 1111011101.
301110010ιο omnium dux summus 0111101 vt 113. 111317
Ammonis oraculum 110111115-110. exercitum Germanus Romanus 1011. 11989
magnum 0001111189-205. Tripolitanum pruvin- 010101101011. 11801 11658
01101 vestet 11 225. usque 111 11011011 11011010- 11101011011001011011011. 1153
01061101 11 280. 10 deserte sedit 11282-291. 1101001011. 1457
in 11010010 muri 01010101 10111101 Romanos vincit 111101011101011011. 1111 567
11 111-713, 0000110111 impatiens 11 295. 296 (11000110030101001001110111011110101011111111011.11

1111242. pugne inagna 110101 interficitur 11113891 187 (Artabani Armenii 1111110 tilius Prur. 11, Vani.

-111, vr 111-101 i 1111. ss)
01101011100110011011. 111 430 . 10100111001001 101. 111 137
6110101101. 11212 6111111111 1011111 irater Solomonis iussu interiectus
01010010000110 1 101. 11300 01 ts 10 sur>

 

